8 1765271161 19.000000 -1 19.000000 19.000000 19.000000
11 1765271161 20.000000 -1 20.000000 20.000000 20.000000
13 1765271166 19.000000 -1 19.000000 19.000000 19.000000
8 1765271171 1.000000 -1 1.000000 1.000000 1.000000
21 1765271176 19.000000 -1 19.000000 19.000000 19.000000
23 1765271176 19.000000 -1 19.000000 19.000000 19.000000
8 1765271176 19.000000 -1 19.000000 19.000000 19.000000
25 1765271176 19.000000 -1 19.000000 19.000000 19.000000
13 1765271176 1.000000 -1 1.000000 1.000000 1.000000
21 1765271181 1.000000 -1 1.000000 1.000000 1.000000
23 1765271181 1.000000 -1 1.000000 1.000000 1.000000
25 1765271181 1.000000 -1 1.000000 1.000000 1.000000
13 1765271181 18.000000 -1 18.000000 18.000000 18.000000
8 1765271186 1.000000 -1 1.000000 1.000000 1.000000
13 1765271186 1.000000 -1 1.000000 1.000000 1.000000
21 1765271191 19.000000 -1 19.000000 19.000000 19.000000
23 1765271191 19.000000 -1 19.000000 19.000000 19.000000
8 1765271191 18.000000 -1 18.000000 18.000000 18.000000
25 1765271191 19.000000 -1 19.000000 19.000000 19.000000
13 1765271191 1.000000 -1 1.000000 1.000000 1.000000
21 1765271196 1.000000 -1 1.000000 1.000000 1.000000
23 1765271196 1.000000 -1 1.000000 1.000000 1.000000
8 1765271196 1.000000 -1 1.000000 1.000000 1.000000
25 1765271196 1.000000 -1 1.000000 1.000000 1.000000
13 1765271196 15.000000 -1 15.000000 15.000000 15.000000
8 1765271201 1.000000 -1 1.000000 1.000000 1.000000
13 1765271201 4.000000 -1 4.000000 4.000000 4.000000
21 1765271206 17.000000 -1 17.000000 17.000000 17.000000
23 1765271206 17.000000 -1 17.000000 17.000000 17.000000
8 1765271206 13.000000 -1 13.000000 13.000000 13.000000
25 1765271206 17.000000 -1 17.000000 17.000000 17.000000
13 1765271206 1.000000 -1 1.000000 1.000000 1.000000
21 1765271211 3.000000 -1 3.000000 3.000000 3.000000
23 1765271211 3.000000 -1 3.000000 3.000000 3.000000
8 1765271211 6.000000 -1 6.000000 6.000000 6.000000
25 1765271211 3.000000 -1 3.000000 3.000000 3.000000
13 1765271211 12.000000 -1 12.000000 12.000000 12.000000
13 1765271216 7.000000 -1 7.000000 7.000000 7.000000
21 1765271221 17.000000 -1 17.000000 17.000000 17.000000
23 1765271221 16.000000 -1 16.000000 16.000000 16.000000
8 1765271221 13.000000 -1 13.000000 13.000000 13.000000
25 1765271221 16.000000 -1 16.000000 16.000000 16.000000
21 1765271226 2.000000 -1 2.000000 2.000000 2.000000
23 1765271226 3.000000 -1 3.000000 3.000000 3.000000
8 1765271226 7.000000 -1 7.000000 7.000000 7.000000
25 1765271226 3.000000 -1 3.000000 3.000000 3.000000
13 1765271226 10.000000 -1 10.000000 10.000000 10.000000
13 1765271231 10.000000 -1 10.000000 10.000000 10.000000
21 1765271236 16.000000 -1 16.000000 16.000000 16.000000
23 1765271236 16.000000 -1 16.000000 16.000000 16.000000
8 1765271236 10.000000 -1 10.000000 10.000000 10.000000
25 1765271236 16.000000 -1 16.000000 16.000000 16.000000
21 1765271241 4.000000 -1 4.000000 4.000000 4.000000
23 1765271241 3.000000 -1 3.000000 3.000000 3.000000
8 1765271241 9.000000 -1 9.000000 9.000000 9.000000
25 1765271241 3.000000 -1 3.000000 3.000000 3.000000
13 1765271241 8.000000 -1 8.000000 8.000000 8.000000
23 1765271246 1.000000 -1 1.000000 1.000000 1.000000
8 1765271246 1.000000 -1 1.000000 1.000000 1.000000
25 1765271246 1.000000 -1 1.000000 1.000000 1.000000
13 1765271246 11.000000 -1 11.000000 11.000000 11.000000
21 1765271251 15.000000 -1 15.000000 15.000000 15.000000
23 1765271251 15.000000 -1 15.000000 15.000000 15.000000
8 1765271251 7.000000 -1 7.000000 7.000000 7.000000
25 1765271251 15.000000 -1 15.000000 15.000000 15.000000
13 1765271251 1.000000 -1 1.000000 1.000000 1.000000
21 1765271256 4.000000 -1 4.000000 4.000000 4.000000
23 1765271256 4.000000 -1 4.000000 4.000000 4.000000
8 1765271256 10.000000 -1 10.000000 10.000000 10.000000
25 1765271256 4.000000 -1 4.000000 4.000000 4.000000
13 1765271256 7.000000 -1 7.000000 7.000000 7.000000
21 1765271261 1.000000 -1 1.000000 1.000000 1.000000
23 1765271261 1.000000 -1 1.000000 1.000000 1.000000
8 1765271261 1.000000 -1 1.000000 1.000000 1.000000
25 1765271261 1.000000 -1 1.000000 1.000000 1.000000
13 1765271261 10.000000 -1 10.000000 10.000000 10.000000
21 1765271266 13.000000 -1 13.000000 13.000000 13.000000
23 1765271266 12.000000 -1 12.000000 12.000000 12.000000
8 1765271266 7.000000 -1 7.000000 7.000000 7.000000
25 1765271266 12.000000 -1 12.000000 12.000000 12.000000
13 1765271266 1.000000 -1 1.000000 1.000000 1.000000
21 1765271271 4.000000 -1 4.000000 4.000000 4.000000
23 1765271271 5.000000 -1 5.000000 5.000000 5.000000
8 1765271271 9.000000 -1 9.000000 9.000000 9.000000
25 1765271271 5.000000 -1 5.000000 5.000000 5.000000
13 1765271271 5.000000 -1 5.000000 5.000000 5.000000
21 1765271276 1.000000 -1 1.000000 1.000000 1.000000
23 1765271276 1.000000 -1 1.000000 1.000000 1.000000
8 1765271276 1.000000 -1 1.000000 1.000000 1.000000
25 1765271276 1.000000 -1 1.000000 1.000000 1.000000
13 1765271276 11.000000 -1 11.000000 11.000000 11.000000
21 1765271281 10.000000 -1 10.000000 10.000000 10.000000
23 1765271281 10.000000 -1 10.000000 10.000000 10.000000
8 1765271281 6.000000 -1 6.000000 6.000000 6.000000
25 1765271281 10.000000 -1 10.000000 10.000000 10.000000
13 1765271281 1.000000 -1 1.000000 1.000000 1.000000
21 1765271286 6.000000 -1 6.000000 6.000000 6.000000
23 1765271286 6.000000 -1 6.000000 6.000000 6.000000
8 1765271286 9.000000 -1 9.000000 9.000000 9.000000
25 1765271286 6.000000 -1 6.000000 6.000000 6.000000
13 1765271286 5.000000 -1 5.000000 5.000000 5.000000
21 1765271291 1.000000 -1 1.000000 1.000000 1.000000
23 1765271291 1.000000 -1 1.000000 1.000000 1.000000
8 1765271291 3.000000 -1 3.000000 3.000000 3.000000
25 1765271291 1.000000 -1 1.000000 1.000000 1.000000
13 1765271291 9.000000 -1 9.000000 9.000000 9.000000
21 1765271296 10.000000 -1 10.000000 10.000000 10.000000
23 1765271296 8.000000 -1 8.000000 8.000000 8.000000
8 1765271296 4.000000 -1 4.000000 4.000000 4.000000
25 1765271296 10.000000 -1 10.000000 10.000000 10.000000
13 1765271296 4.000000 -1 4.000000 4.000000 4.000000
21 1765271301 6.000000 -1 6.000000 6.000000 6.000000
23 1765271301 8.000000 -1 8.000000 8.000000 8.000000
8 1765271301 12.000000 -1 12.000000 12.000000 12.000000
25 1765271301 6.000000 -1 6.000000 6.000000 6.000000
13 1765271301 4.000000 -1 4.000000 4.000000 4.000000
21 1765271306 1.000000 -1 1.000000 1.000000 1.000000
23 1765271306 1.000000 -1 1.000000 1.000000 1.000000
8 1765271306 3.000000 -1 3.000000 3.000000 3.000000
25 1765271306 1.000000 -1 1.000000 1.000000 1.000000
13 1765271306 11.000000 -1 11.000000 11.000000 11.000000
21 1765271311 10.000000 -1 10.000000 10.000000 10.000000
23 1765271311 9.000000 -1 9.000000 9.000000 9.000000
8 1765271311 4.000000 -1 4.000000 4.000000 4.000000
25 1765271311 9.000000 -1 9.000000 9.000000 9.000000
13 1765271311 4.000000 -1 4.000000 4.000000 4.000000
21 1765271316 8.000000 -1 8.000000 8.000000 8.000000
23 1765271316 9.000000 -1 9.000000 9.000000 9.000000
8 1765271316 12.000000 -1 12.000000 12.000000 12.000000
25 1765271316 9.000000 -1 9.000000 9.000000 9.000000
13 1765271316 2.000000 -1 2.000000 2.000000 2.000000
21 1765271321 2.000000 -1 2.000000 2.000000 2.000000
23 1765271321 1.000000 -1 1.000000 1.000000 1.000000
8 1765271321 3.000000 -1 3.000000 3.000000 3.000000
25 1765271321 2.000000 -1 2.000000 2.000000 2.000000
13 1765271321 13.000000 -1 13.000000 13.000000 13.000000
21 1765271326 9.000000 -1 9.000000 9.000000 9.000000
23 1765271326 10.000000 -1 10.000000 10.000000 10.000000
8 1765271326 4.000000 -1 4.000000 4.000000 4.000000
25 1765271326 9.000000 -1 9.000000 9.000000 9.000000
13 1765271326 4.000000 -1 4.000000 4.000000 4.000000
21 1765271331 9.000000 -1 9.000000 9.000000 9.000000
23 1765271331 9.000000 -1 9.000000 9.000000 9.000000
8 1765271331 12.000000 -1 12.000000 12.000000 12.000000
25 1765271331 9.000000 -1 9.000000 9.000000 9.000000
13 1765271331 3.000000 -1 3.000000 3.000000 3.000000
21 1765271336 1.000000 -1 1.000000 1.000000 1.000000
23 1765271336 1.000000 -1 1.000000 1.000000 1.000000
8 1765271336 3.000000 -1 3.000000 3.000000 3.000000
25 1765271336 1.000000 -1 1.000000 1.000000 1.000000
13 1765271336 11.000000 -1 11.000000 11.000000 11.000000
21 1765271341 10.000000 -1 10.000000 10.000000 10.000000
23 1765271341 9.000000 -1 9.000000 9.000000 9.000000
8 1765271341 4.000000 -1 4.000000 4.000000 4.000000
25 1765271341 10.000000 -1 10.000000 10.000000 10.000000
13 1765271341 5.000000 -1 5.000000 5.000000 5.000000
21 1765271346 8.000000 -1 8.000000 8.000000 8.000000
23 1765271346 9.000000 -1 9.000000 9.000000 9.000000
8 1765271346 8.000000 -1 8.000000 8.000000 8.000000
25 1765271346 8.000000 -1 8.000000 8.000000 8.000000
13 1765271346 3.000000 -1 3.000000 3.000000 3.000000
21 1765271351 1.000000 -1 1.000000 1.000000 1.000000
23 1765271351 1.000000 -1 1.000000 1.000000 1.000000
8 1765271351 7.000000 -1 7.000000 7.000000 7.000000
25 1765271351 1.000000 -1 1.000000 1.000000 1.000000
13 1765271351 9.000000 -1 9.000000 9.000000 9.000000
21 1765271356 8.000000 -1 8.000000 8.000000 8.000000
23 1765271356 8.000000 -1 8.000000 8.000000 8.000000
8 1765271356 3.000000 -1 3.000000 3.000000 3.000000
25 1765271356 8.000000 -1 8.000000 8.000000 8.000000
13 1765271356 6.000000 -1 6.000000 6.000000 6.000000
21 1765271361 7.000000 -1 7.000000 7.000000 7.000000
23 1765271361 7.000000 -1 7.000000 7.000000 7.000000
8 1765271361 9.000000 -1 9.000000 9.000000 9.000000
25 1765271361 7.000000 -1 7.000000 7.000000 7.000000
13 1765271361 4.000000 -1 4.000000 4.000000 4.000000
21 1765271366 4.000000 -1 4.000000 4.000000 4.000000
23 1765271366 2.000000 -1 2.000000 2.000000 2.000000
8 1765271366 5.000000 -1 5.000000 5.000000 5.000000
25 1765271366 3.000000 -1 3.000000 3.000000 3.000000
13 1765271366 9.000000 -1 9.000000 9.000000 9.000000
21 1765271371 9.000000 -1 9.000000 9.000000 9.000000
23 1765271371 10.000000 -1 10.000000 10.000000 10.000000
8 1765271371 4.000000 -1 4.000000 4.000000 4.000000
25 1765271371 9.000000 -1 9.000000 9.000000 9.000000
13 1765271371 4.000000 -1 4.000000 4.000000 4.000000
21 1765271376 7.000000 -1 7.000000 7.000000 7.000000
23 1765271376 7.000000 -1 7.000000 7.000000 7.000000
8 1765271376 10.000000 -1 10.000000 10.000000 10.000000
25 1765271376 8.000000 -1 8.000000 8.000000 8.000000
13 1765271376 5.000000 -1 5.000000 5.000000 5.000000
21 1765271381 2.000000 -1 2.000000 2.000000 2.000000
23 1765271381 3.000000 -1 3.000000 3.000000 3.000000
8 1765271381 6.000000 -1 6.000000 6.000000 6.000000
25 1765271381 2.000000 -1 2.000000 2.000000 2.000000
13 1765271381 10.000000 -1 10.000000 10.000000 10.000000
21 1765271386 9.000000 -1 9.000000 9.000000 9.000000
23 1765271386 7.000000 -1 7.000000 7.000000 7.000000
8 1765271386 4.000000 -1 4.000000 4.000000 4.000000
25 1765271386 9.000000 -1 9.000000 9.000000 9.000000
13 1765271386 5.000000 -1 5.000000 5.000000 5.000000
21 1765271391 8.000000 -1 8.000000 8.000000 8.000000
23 1765271391 8.000000 -1 8.000000 8.000000 8.000000
8 1765271391 8.000000 -1 8.000000 8.000000 8.000000
25 1765271391 7.000000 -1 7.000000 7.000000 7.000000
13 1765271391 5.000000 -1 5.000000 5.000000 5.000000
21 1765271396 3.000000 -1 3.000000 3.000000 3.000000
23 1765271396 5.000000 -1 5.000000 5.000000 5.000000
8 1765271396 6.000000 -1 6.000000 6.000000 6.000000
25 1765271396 4.000000 -1 4.000000 4.000000 4.000000
13 1765271396 8.000000 -1 8.000000 8.000000 8.000000
21 1765271401 8.000000 -1 8.000000 8.000000 8.000000
23 1765271401 5.000000 -1 5.000000 5.000000 5.000000
8 1765271401 5.000000 -1 5.000000 5.000000 5.000000
25 1765271401 8.000000 -1 8.000000 8.000000 8.000000
13 1765271401 5.000000 -1 5.000000 5.000000 5.000000
21 1765271406 6.000000 -1 6.000000 6.000000 6.000000
23 1765271406 7.000000 -1 7.000000 7.000000 7.000000
8 1765271406 9.000000 -1 9.000000 9.000000 9.000000
25 1765271406 6.000000 -1 6.000000 6.000000 6.000000
13 1765271406 6.000000 -1 6.000000 6.000000 6.000000
21 1765271411 3.000000 -1 3.000000 3.000000 3.000000
23 1765271411 4.000000 -1 4.000000 4.000000 4.000000
8 1765271411 4.000000 -1 4.000000 4.000000 4.000000
25 1765271411 2.000000 -1 2.000000 2.000000 2.000000
13 1765271411 9.000000 -1 9.000000 9.000000 9.000000
21 1765271416 10.000000 -1 10.000000 10.000000 10.000000
23 1765271416 7.000000 -1 7.000000 7.000000 7.000000
8 1765271416 4.000000 -1 4.000000 4.000000 4.000000
25 1765271416 8.000000 -1 8.000000 8.000000 8.000000
13 1765271416 4.000000 -1 4.000000 4.000000 4.000000
21 1765271421 7.000000 -1 7.000000 7.000000 7.000000
23 1765271421 8.000000 -1 8.000000 8.000000 8.000000
8 1765271421 9.000000 -1 9.000000 9.000000 9.000000
25 1765271421 8.000000 -1 8.000000 8.000000 8.000000
13 1765271421 3.000000 -1 3.000000 3.000000 3.000000
21 1765271426 1.000000 -1 1.000000 1.000000 1.000000
23 1765271426 4.000000 -1 4.000000 4.000000 4.000000
8 1765271426 5.000000 -1 5.000000 5.000000 5.000000
25 1765271426 3.000000 -1 3.000000 3.000000 3.000000
13 1765271426 10.000000 -1 10.000000 10.000000 10.000000
21 1765271431 11.000000 -1 11.000000 11.000000 11.000000
23 1765271431 7.000000 -1 7.000000 7.000000 7.000000
8 1765271431 3.000000 -1 3.000000 3.000000 3.000000
25 1765271431 8.000000 -1 8.000000 8.000000 8.000000
13 1765271431 5.000000 -1 5.000000 5.000000 5.000000
21 1765271436 5.000000 -1 5.000000 5.000000 5.000000
23 1765271436 7.000000 -1 7.000000 7.000000 7.000000
8 1765271436 12.000000 -1 12.000000 12.000000 12.000000
25 1765271436 7.000000 -1 7.000000 7.000000 7.000000
13 1765271436 3.000000 -1 3.000000 3.000000 3.000000
21 1765271441 3.000000 -1 3.000000 3.000000 3.000000
23 1765271441 4.000000 -1 4.000000 4.000000 4.000000
8 1765271441 4.000000 -1 4.000000 4.000000 4.000000
25 1765271441 4.000000 -1 4.000000 4.000000 4.000000
13 1765271441 11.000000 -1 11.000000 11.000000 11.000000
21 1765271446 10.000000 -1 10.000000 10.000000 10.000000
23 1765271446 7.000000 -1 7.000000 7.000000 7.000000
8 1765271446 4.000000 -1 4.000000 4.000000 4.000000
25 1765271446 8.000000 -1 8.000000 8.000000 8.000000
13 1765271446 5.000000 -1 5.000000 5.000000 5.000000
21 1765271451 6.000000 -1 6.000000 6.000000 6.000000
23 1765271451 8.000000 -1 8.000000 8.000000 8.000000
8 1765271451 9.000000 -1 9.000000 9.000000 9.000000
25 1765271451 7.000000 -1 7.000000 7.000000 7.000000
13 1765271451 3.000000 -1 3.000000 3.000000 3.000000
21 1765271456 4.000000 -1 4.000000 4.000000 4.000000
23 1765271456 5.000000 -1 5.000000 5.000000 5.000000
8 1765271456 6.000000 -1 6.000000 6.000000 6.000000
25 1765271456 5.000000 -1 5.000000 5.000000 5.000000
13 1765271456 10.000000 -1 10.000000 10.000000 10.000000
21 1765271461 9.000000 -1 9.000000 9.000000 9.000000
23 1765271461 6.000000 -1 6.000000 6.000000 6.000000
8 1765271461 3.000000 -1 3.000000 3.000000 3.000000
25 1765271461 6.000000 -1 6.000000 6.000000 6.000000
13 1765271461 6.000000 -1 6.000000 6.000000 6.000000
21 1765271466 4.000000 -1 4.000000 4.000000 4.000000
23 1765271466 7.000000 -1 7.000000 7.000000 7.000000
8 1765271466 11.000000 -1 11.000000 11.000000 11.000000
25 1765271466 6.000000 -1 6.000000 6.000000 6.000000
13 1765271466 3.000000 -1 3.000000 3.000000 3.000000
21 1765271471 7.000000 -1 7.000000 7.000000 7.000000
23 1765271471 6.000000 -1 6.000000 6.000000 6.000000
8 1765271471 4.000000 -1 4.000000 4.000000 4.000000
25 1765271471 7.000000 -1 7.000000 7.000000 7.000000
13 1765271471 11.000000 -1 11.000000 11.000000 11.000000
21 1765271476 9.000000 -1 9.000000 9.000000 9.000000
23 1765271476 3.000000 -1 3.000000 3.000000 3.000000
8 1765271476 5.000000 -1 5.000000 5.000000 5.000000
25 1765271476 5.000000 -1 5.000000 5.000000 5.000000
13 1765271476 4.000000 -1 4.000000 4.000000 4.000000
21 1765271481 4.000000 -1 4.000000 4.000000 4.000000
23 1765271481 11.000000 -1 11.000000 11.000000 11.000000
8 1765271481 10.000000 -1 10.000000 10.000000 10.000000
25 1765271481 8.000000 -1 8.000000 8.000000 8.000000
13 1765271481 5.000000 -1 5.000000 5.000000 5.000000
21 1765271486 7.000000 -1 7.000000 7.000000 7.000000
23 1765271486 6.000000 -1 6.000000 6.000000 6.000000
8 1765271486 4.000000 -1 4.000000 4.000000 4.000000
25 1765271486 6.000000 -1 6.000000 6.000000 6.000000
13 1765271486 10.000000 -1 10.000000 10.000000 10.000000
21 1765271491 6.000000 -1 6.000000 6.000000 6.000000
23 1765271491 3.000000 -1 3.000000 3.000000 3.000000
8 1765271491 4.000000 -1 4.000000 4.000000 4.000000
25 1765271491 3.000000 -1 3.000000 3.000000 3.000000
13 1765271491 4.000000 -1 4.000000 4.000000 4.000000
21 1765271496 5.000000 -1 5.000000 5.000000 5.000000
23 1765271496 10.000000 -1 10.000000 10.000000 10.000000
8 1765271496 11.000000 -1 11.000000 11.000000 11.000000
25 1765271496 10.000000 -1 10.000000 10.000000 10.000000
13 1765271496 4.000000 -1 4.000000 4.000000 4.000000
21 1765271501 7.000000 -1 7.000000 7.000000 7.000000
23 1765271501 5.000000 -1 5.000000 5.000000 5.000000
8 1765271501 4.000000 -1 4.000000 4.000000 4.000000
25 1765271501 5.000000 -1 5.000000 5.000000 5.000000
13 1765271501 11.000000 -1 11.000000 11.000000 11.000000
21 1765271506 5.000000 -1 5.000000 5.000000 5.000000
23 1765271506 3.000000 -1 3.000000 3.000000 3.000000
8 1765271506 4.000000 -1 4.000000 4.000000 4.000000
25 1765271506 3.000000 -1 3.000000 3.000000 3.000000
13 1765271506 4.000000 -1 4.000000 4.000000 4.000000
21 1765271511 7.000000 -1 7.000000 7.000000 7.000000
23 1765271511 10.000000 -1 10.000000 10.000000 10.000000
8 1765271511 9.000000 -1 9.000000 9.000000 9.000000
25 1765271511 11.000000 -1 11.000000 11.000000 11.000000
13 1765271511 4.000000 -1 4.000000 4.000000 4.000000
21 1765271516 6.000000 -1 6.000000 6.000000 6.000000
23 1765271516 4.000000 -1 4.000000 4.000000 4.000000
8 1765271516 5.000000 -1 5.000000 5.000000 5.000000
25 1765271516 4.000000 -1 4.000000 4.000000 4.000000
13 1765271516 9.000000 -1 9.000000 9.000000 9.000000
21 1765271521 4.000000 -1 4.000000 4.000000 4.000000
23 1765271521 4.000000 -1 4.000000 4.000000 4.000000
8 1765271521 4.000000 -1 4.000000 4.000000 4.000000
25 1765271521 4.000000 -1 4.000000 4.000000 4.000000
13 1765271521 5.000000 -1 5.000000 5.000000 5.000000
21 1765271526 7.000000 -1 7.000000 7.000000 7.000000
23 1765271526 9.000000 -1 9.000000 9.000000 9.000000
8 1765271526 8.000000 -1 8.000000 8.000000 8.000000
25 1765271526 9.000000 -1 9.000000 9.000000 9.000000
13 1765271526 4.000000 -1 4.000000 4.000000 4.000000
21 1765271531 6.000000 -1 6.000000 6.000000 6.000000
23 1765271531 4.000000 -1 4.000000 4.000000 4.000000
8 1765271531 4.000000 -1 4.000000 4.000000 4.000000
25 1765271531 5.000000 -1 5.000000 5.000000 5.000000
13 1765271531 8.000000 -1 8.000000 8.000000 8.000000
21 1765271536 4.000000 -1 4.000000 4.000000 4.000000
23 1765271536 5.000000 -1 5.000000 5.000000 5.000000
8 1765271536 4.000000 -1 4.000000 4.000000 4.000000
25 1765271536 4.000000 -1 4.000000 4.000000 4.000000
13 1765271536 4.000000 -1 4.000000 4.000000 4.000000
21 1765271541 7.000000 -1 7.000000 7.000000 7.000000
23 1765271541 8.000000 -1 8.000000 8.000000 8.000000
8 1765271541 8.000000 -1 8.000000 8.000000 8.000000
25 1765271541 8.000000 -1 8.000000 8.000000 8.000000
13 1765271541 4.000000 -1 4.000000 4.000000 4.000000
21 1765271546 5.000000 -1 5.000000 5.000000 5.000000
23 1765271546 4.000000 -1 4.000000 4.000000 4.000000
8 1765271546 4.000000 -1 4.000000 4.000000 4.000000
25 1765271546 4.000000 -1 4.000000 4.000000 4.000000
13 1765271546 8.000000 -1 8.000000 8.000000 8.000000
21 1765271551 3.000000 -1 3.000000 3.000000 3.000000
23 1765271551 3.000000 -1 3.000000 3.000000 3.000000
8 1765271551 3.000000 -1 3.000000 3.000000 3.000000
25 1765271551 3.000000 -1 3.000000 3.000000 3.000000
13 1765271551 4.000000 -1 4.000000 4.000000 4.000000
21 1765271556 8.000000 -1 8.000000 8.000000 8.000000
23 1765271556 9.000000 -1 9.000000 9.000000 9.000000
8 1765271556 8.000000 -1 8.000000 8.000000 8.000000
25 1765271556 9.000000 -1 9.000000 9.000000 9.000000
13 1765271556 3.000000 -1 3.000000 3.000000 3.000000
21 1765271561 4.000000 -1 4.000000 4.000000 4.000000
23 1765271561 4.000000 -1 4.000000 4.000000 4.000000
8 1765271561 7.000000 -1 7.000000 7.000000 7.000000
25 1765271561 3.000000 -1 3.000000 3.000000 3.000000
13 1765271561 8.000000 -1 8.000000 8.000000 8.000000
21 1765271566 3.000000 -1 3.000000 3.000000 3.000000
23 1765271566 3.000000 -1 3.000000 3.000000 3.000000
8 1765271566 3.000000 -1 3.000000 3.000000 3.000000
25 1765271566 4.000000 -1 4.000000 4.000000 4.000000
13 1765271566 7.000000 -1 7.000000 7.000000 7.000000
21 1765271571 9.000000 -1 9.000000 9.000000 9.000000
23 1765271571 9.000000 -1 9.000000 9.000000 9.000000
8 1765271571 9.000000 -1 9.000000 9.000000 9.000000
25 1765271571 9.000000 -1 9.000000 9.000000 9.000000
13 1765271571 3.000000 -1 3.000000 3.000000 3.000000
21 1765271576 4.000000 -1 4.000000 4.000000 4.000000
23 1765271576 4.000000 -1 4.000000 4.000000 4.000000
8 1765271576 5.000000 -1 5.000000 5.000000 5.000000
25 1765271576 3.000000 -1 3.000000 3.000000 3.000000
13 1765271576 8.000000 -1 8.000000 8.000000 8.000000
21 1765271581 4.000000 -1 4.000000 4.000000 4.000000
23 1765271581 3.000000 -1 3.000000 3.000000 3.000000
8 1765271581 3.000000 -1 3.000000 3.000000 3.000000
25 1765271581 4.000000 -1 4.000000 4.000000 4.000000
13 1765271581 6.000000 -1 6.000000 6.000000 6.000000
21 1765271586 10.000000 -1 10.000000 10.000000 10.000000
23 1765271586 11.000000 -1 11.000000 11.000000 11.000000
8 1765271586 8.000000 -1 8.000000 8.000000 8.000000
25 1765271586 11.000000 -1 11.000000 11.000000 11.000000
13 1765271586 3.000000 -1 3.000000 3.000000 3.000000
21 1765271591 4.000000 -1 4.000000 4.000000 4.000000
23 1765271591 4.000000 -1 4.000000 4.000000 4.000000
8 1765271591 7.000000 -1 7.000000 7.000000 7.000000
25 1765271591 3.000000 -1 3.000000 3.000000 3.000000
13 1765271591 8.000000 -1 8.000000 8.000000 8.000000
21 1765271596 3.000000 -1 3.000000 3.000000 3.000000
23 1765271596 3.000000 -1 3.000000 3.000000 3.000000
8 1765271596 2.000000 -1 2.000000 2.000000 2.000000
25 1765271596 4.000000 -1 4.000000 4.000000 4.000000
13 1765271596 7.000000 -1 7.000000 7.000000 7.000000
21 1765271601 11.000000 -1 11.000000 11.000000 11.000000
23 1765271601 10.000000 -1 10.000000 10.000000 10.000000
8 1765271601 8.000000 -1 8.000000 8.000000 8.000000
25 1765271601 10.000000 -1 10.000000 10.000000 10.000000
13 1765271601 2.000000 -1 2.000000 2.000000 2.000000
21 1765271606 4.000000 -1 4.000000 4.000000 4.000000
23 1765271606 5.000000 -1 5.000000 5.000000 5.000000
8 1765271606 7.000000 -1 7.000000 7.000000 7.000000
25 1765271606 4.000000 -1 4.000000 4.000000 4.000000
13 1765271606 8.000000 -1 8.000000 8.000000 8.000000
21 1765271611 2.000000 -1 2.000000 2.000000 2.000000
23 1765271611 2.000000 -1 2.000000 2.000000 2.000000
8 1765271611 3.000000 -1 3.000000 3.000000 3.000000
25 1765271611 2.000000 -1 2.000000 2.000000 2.000000
13 1765271611 5.000000 -1 5.000000 5.000000 5.000000
21 1765271616 11.000000 -1 11.000000 11.000000 11.000000
23 1765271616 10.000000 -1 10.000000 10.000000 10.000000
8 1765271616 8.000000 -1 8.000000 8.000000 8.000000
25 1765271616 10.000000 -1 10.000000 10.000000 10.000000
13 1765271616 5.000000 -1 5.000000 5.000000 5.000000
21 1765271621 5.000000 -1 5.000000 5.000000 5.000000
23 1765271621 5.000000 -1 5.000000 5.000000 5.000000
8 1765271621 6.000000 -1 6.000000 6.000000 6.000000
25 1765271621 5.000000 -1 5.000000 5.000000 5.000000
13 1765271621 6.000000 -1 6.000000 6.000000 6.000000
21 1765271626 2.000000 -1 2.000000 2.000000 2.000000
23 1765271626 3.000000 -1 3.000000 3.000000 3.000000
8 1765271626 4.000000 -1 4.000000 4.000000 4.000000
25 1765271626 3.000000 -1 3.000000 3.000000 3.000000
13 1765271626 7.000000 -1 7.000000 7.000000 7.000000
21 1765271631 10.000000 -1 10.000000 10.000000 10.000000
23 1765271631 9.000000 -1 9.000000 9.000000 9.000000
8 1765271631 4.000000 -1 4.000000 4.000000 4.000000
25 1765271631 10.000000 -1 10.000000 10.000000 10.000000
13 1765271631 5.000000 -1 5.000000 5.000000 5.000000
21 1765271636 4.000000 -1 4.000000 4.000000 4.000000
23 1765271636 6.000000 -1 6.000000 6.000000 6.000000
8 1765271636 10.000000 -1 10.000000 10.000000 10.000000
25 1765271636 5.000000 -1 5.000000 5.000000 5.000000
13 1765271636 3.000000 -1 3.000000 3.000000 3.000000
21 1765271641 3.000000 -1 3.000000 3.000000 3.000000
23 1765271641 3.000000 -1 3.000000 3.000000 3.000000
8 1765271641 4.000000 -1 4.000000 4.000000 4.000000
25 1765271641 3.000000 -1 3.000000 3.000000 3.000000
13 1765271641 10.000000 -1 10.000000 10.000000 10.000000
21 1765271646 10.000000 -1 10.000000 10.000000 10.000000
23 1765271646 8.000000 -1 8.000000 8.000000 8.000000
8 1765271646 4.000000 -1 4.000000 4.000000 4.000000
25 1765271646 9.000000 -1 9.000000 9.000000 9.000000
13 1765271646 5.000000 -1 5.000000 5.000000 5.000000
21 1765271651 5.000000 -1 5.000000 5.000000 5.000000
23 1765271651 7.000000 -1 7.000000 7.000000 7.000000
8 1765271651 9.000000 -1 9.000000 9.000000 9.000000
25 1765271651 6.000000 -1 6.000000 6.000000 6.000000
13 1765271651 3.000000 -1 3.000000 3.000000 3.000000
21 1765271656 3.000000 -1 3.000000 3.000000 3.000000
23 1765271656 2.000000 -1 2.000000 2.000000 2.000000
8 1765271656 4.000000 -1 4.000000 4.000000 4.000000
25 1765271656 2.000000 -1 2.000000 2.000000 2.000000
13 1765271656 10.000000 -1 10.000000 10.000000 10.000000
21 1765271661 10.000000 -1 10.000000 10.000000 10.000000
23 1765271661 9.000000 -1 9.000000 9.000000 9.000000
8 1765271661 5.000000 -1 5.000000 5.000000 5.000000
25 1765271661 10.000000 -1 10.000000 10.000000 10.000000
13 1765271661 4.000000 -1 4.000000 4.000000 4.000000
21 1765271666 5.000000 -1 5.000000 5.000000 5.000000
23 1765271666 7.000000 -1 7.000000 7.000000 7.000000
8 1765271666 12.000000 -1 12.000000 12.000000 12.000000
25 1765271666 6.000000 -1 6.000000 6.000000 6.000000
13 1765271666 5.000000 -1 5.000000 5.000000 5.000000
21 1765271671 3.000000 -1 3.000000 3.000000 3.000000
23 1765271671 3.000000 -1 3.000000 3.000000 3.000000
8 1765271671 3.000000 -1 3.000000 3.000000 3.000000
25 1765271671 3.000000 -1 3.000000 3.000000 3.000000
13 1765271671 11.000000 -1 11.000000 11.000000 11.000000
21 1765271676 10.000000 -1 10.000000 10.000000 10.000000
23 1765271676 7.000000 -1 7.000000 7.000000 7.000000
8 1765271676 4.000000 -1 4.000000 4.000000 4.000000
25 1765271676 7.000000 -1 7.000000 7.000000 7.000000
13 1765271676 4.000000 -1 4.000000 4.000000 4.000000
21 1765271681 7.000000 -1 7.000000 7.000000 7.000000
23 1765271681 10.000000 -1 10.000000 10.000000 10.000000
8 1765271681 10.000000 -1 10.000000 10.000000 10.000000
25 1765271681 10.000000 -1 10.000000 10.000000 10.000000
13 1765271681 4.000000 -1 4.000000 4.000000 4.000000
21 1765271686 3.000000 -1 3.000000 3.000000 3.000000
23 1765271686 3.000000 -1 3.000000 3.000000 3.000000
8 1765271686 6.000000 -1 6.000000 6.000000 6.000000
25 1765271686 3.000000 -1 3.000000 3.000000 3.000000
13 1765271686 10.000000 -1 10.000000 10.000000 10.000000
21 1765271691 7.000000 -1 7.000000 7.000000 7.000000
23 1765271691 5.000000 -1 5.000000 5.000000 5.000000
8 1765271691 3.000000 -1 3.000000 3.000000 3.000000
25 1765271691 6.000000 -1 6.000000 6.000000 6.000000
13 1765271691 5.000000 -1 5.000000 5.000000 5.000000
21 1765271696 9.000000 -1 9.000000 9.000000 9.000000
23 1765271696 11.000000 -1 11.000000 11.000000 11.000000
8 1765271696 10.000000 -1 10.000000 10.000000 10.000000
25 1765271696 10.000000 -1 10.000000 10.000000 10.000000
13 1765271696 4.000000 -1 4.000000 4.000000 4.000000
21 1765271701 2.000000 -1 2.000000 2.000000 2.000000
23 1765271701 2.000000 -1 2.000000 2.000000 2.000000
8 1765271701 5.000000 -1 5.000000 5.000000 5.000000
25 1765271701 2.000000 -1 2.000000 2.000000 2.000000
13 1765271701 9.000000 -1 9.000000 9.000000 9.000000
21 1765271706 8.000000 -1 8.000000 8.000000 8.000000
23 1765271706 5.000000 -1 5.000000 5.000000 5.000000
8 1765271706 4.000000 -1 4.000000 4.000000 4.000000
25 1765271706 6.000000 -1 6.000000 6.000000 6.000000
13 1765271706 6.000000 -1 6.000000 6.000000 6.000000
21 1765271711 9.000000 -1 9.000000 9.000000 9.000000
23 1765271711 11.000000 -1 11.000000 11.000000 11.000000
8 1765271711 9.000000 -1 9.000000 9.000000 9.000000
25 1765271711 10.000000 -1 10.000000 10.000000 10.000000
13 1765271711 4.000000 -1 4.000000 4.000000 4.000000
21 1765271716 3.000000 -1 3.000000 3.000000 3.000000
23 1765271716 3.000000 -1 3.000000 3.000000 3.000000
8 1765271716 5.000000 -1 5.000000 5.000000 5.000000
25 1765271716 3.000000 -1 3.000000 3.000000 3.000000
13 1765271716 8.000000 -1 8.000000 8.000000 8.000000
21 1765271721 7.000000 -1 7.000000 7.000000 7.000000
23 1765271721 5.000000 -1 5.000000 5.000000 5.000000
8 1765271721 4.000000 -1 4.000000 4.000000 4.000000
25 1765271721 5.000000 -1 5.000000 5.000000 5.000000
13 1765271721 5.000000 -1 5.000000 5.000000 5.000000
21 1765271726 8.000000 -1 8.000000 8.000000 8.000000
23 1765271726 9.000000 -1 9.000000 9.000000 9.000000
8 1765271726 10.000000 -1 10.000000 10.000000 10.000000
25 1765271726 10.000000 -1 10.000000 10.000000 10.000000
13 1765271726 4.000000 -1 4.000000 4.000000 4.000000
21 1765271731 3.000000 -1 3.000000 3.000000 3.000000
23 1765271731 5.000000 -1 5.000000 5.000000 5.000000
8 1765271731 5.000000 -1 5.000000 5.000000 5.000000
25 1765271731 4.000000 -1 4.000000 4.000000 4.000000
13 1765271731 9.000000 -1 9.000000 9.000000 9.000000
21 1765271736 7.000000 -1 7.000000 7.000000 7.000000
23 1765271736 3.000000 -1 3.000000 3.000000 3.000000
8 1765271736 4.000000 -1 4.000000 4.000000 4.000000
25 1765271736 5.000000 -1 5.000000 5.000000 5.000000
13 1765271736 7.000000 -1 7.000000 7.000000 7.000000
21 1765271741 9.000000 -1 9.000000 9.000000 9.000000
23 1765271741 10.000000 -1 10.000000 10.000000 10.000000
8 1765271741 9.000000 -1 9.000000 9.000000 9.000000
25 1765271741 8.000000 -1 8.000000 8.000000 8.000000
13 1765271741 3.000000 -1 3.000000 3.000000 3.000000
21 1765271746 4.000000 -1 4.000000 4.000000 4.000000
23 1765271746 6.000000 -1 6.000000 6.000000 6.000000
8 1765271746 7.000000 -1 7.000000 7.000000 7.000000
25 1765271746 6.000000 -1 6.000000 6.000000 6.000000
13 1765271746 9.000000 -1 9.000000 9.000000 9.000000
21 1765271751 4.000000 -1 4.000000 4.000000 4.000000
23 1765271751 4.000000 -1 4.000000 4.000000 4.000000
8 1765271751 3.000000 -1 3.000000 3.000000 3.000000
25 1765271751 4.000000 -1 4.000000 4.000000 4.000000
13 1765271751 8.000000 -1 8.000000 8.000000 8.000000
21 1765271756 10.000000 -1 10.000000 10.000000 10.000000
23 1765271756 10.000000 -1 10.000000 10.000000 10.000000
8 1765271756 9.000000 -1 9.000000 9.000000 9.000000
25 1765271756 10.000000 -1 10.000000 10.000000 10.000000
13 1765271756 3.000000 -1 3.000000 3.000000 3.000000
35 1765271761 5.000000 -1 5.000000 5.000000 5.000000
21 1765271761 5.000000 -1 5.000000 5.000000 5.000000
23 1765271761 6.000000 -1 6.000000 6.000000 6.000000
8 1765271761 4.000000 -1 4.000000 4.000000 4.000000
25 1765271761 6.000000 -1 6.000000 6.000000 6.000000
13 1765271761 9.000000 -1 9.000000 9.000000 9.000000
35 1765271766 4.000000 -1 4.000000 4.000000 4.000000
21 1765271766 5.000000 -1 5.000000 5.000000 5.000000
23 1765271766 4.000000 -1 4.000000 4.000000 4.000000
25 1765271766 4.000000 -1 4.000000 4.000000 4.000000
13 1765271766 4.000000 -1 4.000000 4.000000 4.000000
35 1765271771 10.000000 -1 10.000000 10.000000 10.000000
35 1765271776 1.000000 -1 1.000000 1.000000 1.000000
21 1765271771 10.000000 -1 10.000000 10.000000 10.000000
23 1765271771 10.000000 -1 10.000000 10.000000 10.000000
23 1765271776 1.000000 -1 1.000000 1.000000 1.000000
25 1765271771 10.000000 -1 10.000000 10.000000 10.000000
25 1765271776 1.000000 -1 1.000000 1.000000 1.000000
