10 1765271161 1.530772 19 1.530772 1.530772 1.530772
12 1765271161 0.000234 20 0.000234 0.000234 0.000234
14 1765271166 5.337004 19 5.337004 5.337004 5.337004
10 1765271171 8.185510 1 8.185510 8.185510 8.185510
22 1765271176 7.441823 19 7.441823 7.441823 7.441823
24 1765271176 0.286979 19 0.286979 0.286979 0.286979
10 1765271176 1.576922 19 1.576922 1.576922 1.576922
26 1765271176 0.612064 19 0.612064 0.612064 0.612064
14 1765271176 5.144866 1 5.144866 5.144866 5.144866
22 1765271181 7.430871 1 7.430871 7.430871 7.430871
24 1765271181 0.462529 1 0.462529 0.462529 0.462529
26 1765271181 0.569487 1 0.569487 0.569487 0.569487
14 1765271181 5.331110 18 5.331110 5.331110 5.331110
10 1765271186 1.488793 1 1.488793 1.488793 1.488793
14 1765271186 5.317554 1 5.317554 5.317554 5.317554
22 1765271191 7.479317 19 7.479317 7.479317 7.479317
24 1765271191 0.330943 19 0.330943 0.330943 0.330943
10 1765271191 1.600087 18 1.600087 1.600087 1.600087
26 1765271191 0.582668 19 0.582668 0.582668 0.582668
14 1765271191 5.343301 1 5.343301 5.343301 5.343301
22 1765271196 7.450091 1 7.450091 7.450091 7.450091
24 1765271196 0.286052 1 0.286052 0.286052 0.286052
10 1765271196 4.816824 1 4.816824 4.816824 4.816824
26 1765271196 0.572228 1 0.572228 0.572228 0.572228
14 1765271196 5.334642 15 5.334642 5.334642 5.334642
10 1765271201 1.533540 1 1.533540 1.533540 1.533540
14 1765271201 5.328021 4 5.328021 5.328021 5.328021
22 1765271206 7.452263 17 7.452263 7.452263 7.452263
24 1765271206 0.290001 17 0.290001 0.290001 0.290001
10 1765271206 1.503147 13 1.503147 1.503147 1.503147
26 1765271206 0.579038 17 0.579038 0.579038 0.579038
14 1765271206 5.343455 1 5.343455 5.343455 5.343455
22 1765271211 8.769563 3 8.769563 8.769563 8.769563
24 1765271211 0.450607 3 0.450607 0.450607 0.450607
10 1765271211 1.900152 6 1.900152 1.900152 1.900152
26 1765271211 1.075691 3 1.075691 1.075691 1.075691
14 1765271211 5.332649 12 5.332649 5.332649 5.332649
14 1765271216 5.319036 7 5.319036 5.319036 5.319036
22 1765271221 7.453183 17 7.453183 7.453183 7.453183
24 1765271221 0.319669 16 0.319669 0.319669 0.319669
10 1765271221 2.027522 13 2.027522 2.027522 2.027522
26 1765271221 0.571414 16 0.571414 0.571414 0.571414
22 1765271226 7.438367 2 7.438367 7.438367 7.438367
24 1765271226 0.330958 3 0.330958 0.330958 0.330958
10 1765271226 1.592093 7 1.592093 1.592093 1.592093
26 1765271226 0.673161 3 0.673161 0.673161 0.673161
14 1765271226 5.469730 10 5.469730 5.469730 5.469730
14 1765271231 5.392927 10 5.392927 5.392927 5.392927
22 1765271236 7.446048 16 7.446048 7.446048 7.446048
24 1765271236 0.288541 16 0.288541 0.288541 0.288541
10 1765271236 1.443276 10 1.443276 1.443276 1.443276
26 1765271236 0.595107 16 0.595107 0.595107 0.595107
22 1765271241 9.591187 4 9.591187 9.591187 9.591187
24 1765271241 0.287150 3 0.287150 0.287150 0.287150
10 1765271241 1.743050 9 1.743050 1.743050 1.743050
26 1765271241 0.572059 3 0.572059 0.572059 0.572059
14 1765271241 5.322533 8 5.322533 5.322533 5.322533
24 1765271246 0.640602 1 0.640602 0.640602 0.640602
10 1765271246 1.443135 1 1.443135 1.443135 1.443135
26 1765271246 1.398328 1 1.398328 1.398328 1.398328
14 1765271246 5.332340 11 5.332340 5.332340 5.332340
22 1765271251 7.436320 15 7.436320 7.436320 7.436320
24 1765271251 0.292300 15 0.292300 0.292300 0.292300
10 1765271251 1.450624 7 1.450624 1.450624 1.450624
26 1765271251 0.561619 15 0.561619 0.561619 0.561619
14 1765271251 5.327429 1 5.327429 5.327429 5.327429
22 1765271256 7.487627 4 7.487627 7.487627 7.487627
24 1765271256 0.315070 4 0.315070 0.315070 0.315070
10 1765271256 1.727515 10 1.727515 1.727515 1.727515
26 1765271256 0.640260 4 0.640260 0.640260 0.640260
14 1765271256 5.361629 7 5.361629 5.361629 5.361629
22 1765271261 7.440943 1 7.440943 7.440943 7.440943
24 1765271261 0.280199 1 0.280199 0.280199 0.280199
10 1765271261 1.477378 1 1.477378 1.477378 1.477378
26 1765271261 0.560569 1 0.560569 0.560569 0.560569
14 1765271261 5.314199 10 5.314199 5.314199 5.314199
22 1765271266 7.457591 13 7.457591 7.457591 7.457591
24 1765271266 0.281217 12 0.281217 0.281217 0.281217
10 1765271266 3.630251 7 3.630251 3.630251 3.630251
26 1765271266 0.562703 12 0.562703 0.562703 0.562703
14 1765271266 5.333061 1 5.333061 5.333061 5.333061
22 1765271271 7.429351 4 7.429351 7.429351 7.429351
24 1765271271 0.275515 5 0.275515 0.275515 0.275515
10 1765271271 1.819976 9 1.819976 1.819976 1.819976
26 1765271271 0.550825 5 0.550825 0.550825 0.550825
14 1765271271 5.332551 5 5.332551 5.332551 5.332551
22 1765271276 7.450610 1 7.450610 7.450610 7.450610
24 1765271276 0.287188 1 0.287188 0.287188 0.287188
10 1765271276 1.874439 1 1.874439 1.874439 1.874439
26 1765271276 0.576601 1 0.576601 0.576601 0.576601
14 1765271276 5.581178 11 5.581178 5.581178 5.581178
22 1765271281 7.475622 10 7.475622 7.475622 7.475622
24 1765271281 0.285554 10 0.285554 0.285554 0.285554
10 1765271281 6.075485 6 6.075485 6.075485 6.075485
26 1765271281 0.630655 10 0.630655 0.630655 0.630655
14 1765271281 5.355014 1 5.355014 5.355014 5.355014
22 1765271286 7.777793 6 7.777793 7.777793 7.777793
24 1765271286 0.342035 6 0.342035 0.342035 0.342035
10 1765271286 1.474167 9 1.474167 1.474167 1.474167
26 1765271286 0.767319 6 0.767319 0.767319 0.767319
14 1765271286 5.334424 5 5.334424 5.334424 5.334424
22 1765271291 7.481644 1 7.481644 7.481644 7.481644
24 1765271291 0.305777 1 0.305777 0.305777 0.305777
10 1765271291 8.897098 3 8.897098 8.897098 8.897098
26 1765271291 0.914270 1 0.914270 0.914270 0.914270
14 1765271291 5.339431 9 5.339431 5.339431 5.339431
22 1765271296 7.585295 10 7.585295 7.585295 7.585295
24 1765271296 0.361112 8 0.361112 0.361112 0.361112
10 1765271296 1.476770 4 1.476770 1.476770 1.476770
26 1765271296 0.677271 10 0.677271 0.677271 0.677271
14 1765271296 5.321259 4 5.321259 5.321259 5.321259
22 1765271301 7.440568 6 7.440568 7.440568 7.440568
24 1765271301 0.288999 8 0.288999 0.288999 0.288999
10 1765271301 4.087691 12 4.087691 4.087691 4.087691
26 1765271301 0.569158 6 0.569158 0.569158 0.569158
14 1765271301 5.330229 4 5.330229 5.330229 5.330229
22 1765271306 7.425178 1 7.425178 7.425178 7.425178
24 1765271306 0.286956 1 0.286956 0.286956 0.286956
10 1765271306 9.075213 3 9.075213 9.075213 9.075213
26 1765271306 0.539288 1 0.539288 0.539288 0.539288
14 1765271306 5.334849 11 5.334849 5.334849 5.334849
22 1765271311 8.046296 10 8.046296 8.046296 8.046296
24 1765271311 0.300538 9 0.300538 0.300538 0.300538
10 1765271311 1.681073 4 1.681073 1.681073 1.681073
26 1765271311 0.794296 9 0.794296 0.794296 0.794296
14 1765271311 5.323142 4 5.323142 5.323142 5.323142
22 1765271316 7.569913 8 7.569913 7.569913 7.569913
24 1765271316 0.296412 9 0.296412 0.296412 0.296412
10 1765271316 1.588047 12 1.588047 1.588047 1.588047
26 1765271316 0.736297 9 0.736297 0.736297 0.736297
14 1765271316 5.331724 2 5.331724 5.331724 5.331724
22 1765271321 8.265637 2 8.265637 8.265637 8.265637
24 1765271321 0.284998 1 0.284998 0.284998 0.284998
10 1765271321 1.490944 3 1.490944 1.490944 1.490944
26 1765271321 1.434064 2 1.434064 1.434064 1.434064
14 1765271321 5.362573 13 5.362573 5.362573 5.362573
22 1765271326 7.457347 9 7.457347 7.457347 7.457347
24 1765271326 0.506824 10 0.506824 0.506824 0.506824
10 1765271326 1.489147 4 1.489147 1.489147 1.489147
26 1765271326 0.614578 9 0.614578 0.614578 0.614578
14 1765271326 5.334293 4 5.334293 5.334293 5.334293
22 1765271331 7.460721 9 7.460721 7.460721 7.460721
24 1765271331 0.297174 9 0.297174 0.297174 0.297174
10 1765271331 1.501454 12 1.501454 1.501454 1.501454
26 1765271331 0.593874 9 0.593874 0.593874 0.593874
14 1765271331 5.347238 3 5.347238 5.347238 5.347238
22 1765271336 7.425818 1 7.425818 7.425818 7.425818
24 1765271336 0.269373 1 0.269373 0.269373 0.269373
10 1765271336 1.434428 3 1.434428 1.434428 1.434428
26 1765271336 0.540938 1 0.540938 0.540938 0.540938
14 1765271336 5.336725 11 5.336725 5.336725 5.336725
22 1765271341 7.485758 10 7.485758 7.485758 7.485758
24 1765271341 0.292123 9 0.292123 0.292123 0.292123
10 1765271341 3.480054 4 3.480054 3.480054 3.480054
26 1765271341 0.582642 10 0.582642 0.582642 0.582642
14 1765271341 5.334288 5 5.334288 5.334288 5.334288
22 1765271346 7.450009 8 7.450009 7.450009 7.450009
24 1765271346 0.289007 9 0.289007 0.289007 0.289007
10 1765271346 1.546343 8 1.546343 1.546343 1.546343
26 1765271346 0.614918 8 0.614918 0.614918 0.614918
14 1765271346 5.833495 3 5.833495 5.833495 5.833495
22 1765271351 7.410065 1 7.410065 7.410065 7.410065
24 1765271351 0.270381 1 0.270381 0.270381 0.270381
10 1765271351 3.337964 7 3.337964 3.337964 3.337964
26 1765271351 0.541314 1 0.541314 0.541314 0.541314
14 1765271351 5.336630 9 5.336630 5.336630 5.336630
22 1765271356 7.444087 8 7.444087 7.444087 7.444087
24 1765271356 0.286113 8 0.286113 0.286113 0.286113
10 1765271356 4.652834 3 4.652834 4.652834 4.652834
26 1765271356 0.573136 8 0.573136 0.573136 0.573136
14 1765271356 5.331576 6 5.331576 5.331576 5.331576
22 1765271361 7.452608 7 7.452608 7.452608 7.452608
24 1765271361 0.294233 7 0.294233 0.294233 0.294233
10 1765271361 1.651957 9 1.651957 1.651957 1.651957
26 1765271361 0.586844 7 0.586844 0.586844 0.586844
14 1765271361 5.466564 4 5.466564 5.466564 5.466564
22 1765271366 11.489174 4 11.489174 11.489174 11.489174
24 1765271366 1.157997 2 1.157997 1.157997 1.157997
10 1765271366 1.856461 5 1.856461 1.856461 1.856461
26 1765271366 1.380607 3 1.380607 1.380607 1.380607
14 1765271366 5.313657 9 5.313657 5.313657 5.313657
22 1765271371 7.668276 9 7.668276 7.668276 7.668276
24 1765271371 0.544606 10 0.544606 0.544606 0.544606
10 1765271371 1.447518 4 1.447518 1.447518 1.447518
26 1765271371 0.765728 9 0.765728 0.765728 0.765728
14 1765271371 5.337920 4 5.337920 5.337920 5.337920
22 1765271376 7.444103 7 7.444103 7.444103 7.444103
24 1765271376 0.286102 7 0.286102 0.286102 0.286102
10 1765271376 1.591471 10 1.591471 1.591471 1.591471
26 1765271376 0.616418 8 0.616418 0.616418 0.616418
14 1765271376 5.333597 5 5.333597 5.333597 5.333597
22 1765271381 7.450876 2 7.450876 7.450876 7.450876
24 1765271381 0.298554 3 0.298554 0.298554 0.298554
10 1765271381 3.100728 6 3.100728 3.100728 3.100728
26 1765271381 0.584965 2 0.584965 0.584965 0.584965
14 1765271381 5.334249 10 5.334249 5.334249 5.334249
22 1765271386 7.442826 9 7.442826 7.442826 7.442826
24 1765271386 0.284081 7 0.284081 0.284081 0.284081
10 1765271386 1.443955 4 1.443955 1.443955 1.443955
26 1765271386 0.644428 9 0.644428 0.644428 0.644428
14 1765271386 5.333069 5 5.333069 5.333069 5.333069
22 1765271391 7.457751 8 7.457751 7.457751 7.457751
24 1765271391 0.293266 8 0.293266 0.293266 0.293266
10 1765271391 1.492319 8 1.492319 1.492319 1.492319
26 1765271391 0.585894 7 0.585894 0.585894 0.585894
14 1765271391 5.333821 5 5.333821 5.333821 5.333821
22 1765271396 7.718700 3 7.718700 7.718700 7.718700
24 1765271396 0.398067 5 0.398067 0.398067 0.398067
10 1765271396 2.203981 6 2.203981 2.203981 2.203981
26 1765271396 1.045990 4 1.045990 1.045990 1.045990
14 1765271396 5.337221 8 5.337221 5.337221 5.337221
22 1765271401 7.449769 8 7.449769 7.449769 7.449769
24 1765271401 0.282583 5 0.282583 0.282583 0.282583
10 1765271401 2.102400 5 2.102400 2.102400 2.102400
26 1765271401 0.569541 8 0.569541 0.569541 0.569541
14 1765271401 5.573209 5 5.573209 5.573209 5.573209
22 1765271406 7.604424 6 7.604424 7.604424 7.604424
24 1765271406 0.291092 7 0.291092 0.291092 0.291092
10 1765271406 2.942115 9 2.942115 2.942115 2.942115
26 1765271406 0.581101 6 0.581101 0.581101 0.581101
14 1765271406 5.330393 6 5.330393 5.330393 5.330393
22 1765271411 7.555955 3 7.555955 7.555955 7.555955
24 1765271411 0.288296 4 0.288296 0.288296 0.288296
10 1765271411 1.441054 4 1.441054 1.441054 1.441054
26 1765271411 0.573499 2 0.573499 0.573499 0.573499
14 1765271411 5.367390 9 5.367390 5.367390 5.367390
22 1765271416 8.214405 10 8.214405 8.214405 8.214405
24 1765271416 0.328934 7 0.328934 0.328934 0.328934
10 1765271416 1.479254 4 1.479254 1.479254 1.479254
26 1765271416 0.812973 8 0.812973 0.812973 0.812973
14 1765271416 5.329390 4 5.329390 5.329390 5.329390
22 1765271421 7.927987 7 7.927987 7.927987 7.927987
24 1765271421 0.286409 8 0.286409 0.286409 0.286409
10 1765271421 1.627482 9 1.627482 1.627482 1.627482
26 1765271421 0.563462 8 0.563462 0.563462 0.563462
14 1765271421 5.330890 3 5.330890 5.330890 5.330890
22 1765271426 7.426975 1 7.426975 7.426975 7.426975
24 1765271426 0.391950 4 0.391950 0.391950 0.391950
10 1765271426 4.379255 5 4.379255 4.379255 4.379255
26 1765271426 1.650411 3 1.650411 1.650411 1.650411
14 1765271426 5.341466 10 5.341466 5.341466 5.341466
22 1765271431 7.451837 11 7.451837 7.451837 7.451837
24 1765271431 0.289457 7 0.289457 0.289457 0.289457
10 1765271431 1.912372 3 1.912372 1.912372 1.912372
26 1765271431 0.579147 8 0.579147 0.579147 0.579147
14 1765271431 5.332856 5 5.332856 5.332856 5.332856
22 1765271436 7.464191 5 7.464191 7.464191 7.464191
24 1765271436 0.293620 7 0.293620 0.293620 0.293620
10 1765271436 2.584005 12 2.584005 2.584005 2.584005
26 1765271436 0.588093 7 0.588093 0.588093 0.588093
14 1765271436 5.325235 3 5.325235 5.325235 5.325235
22 1765271441 8.097736 3 8.097736 8.097736 8.097736
24 1765271441 0.294233 4 0.294233 0.294233 0.294233
10 1765271441 1.926584 4 1.926584 1.926584 1.926584
26 1765271441 0.581530 4 0.581530 0.581530 0.581530
14 1765271441 5.348590 11 5.348590 5.348590 5.348590
22 1765271446 7.446243 10 7.446243 7.446243 7.446243
24 1765271446 0.353489 7 0.353489 0.353489 0.353489
10 1765271446 1.509559 4 1.509559 1.509559 1.509559
26 1765271446 0.676673 8 0.676673 0.676673 0.676673
14 1765271446 5.337401 5 5.337401 5.337401 5.337401
22 1765271451 8.246552 6 8.246552 8.246552 8.246552
24 1765271451 0.320845 8 0.320845 0.320845 0.320845
10 1765271451 1.498752 9 1.498752 1.498752 1.498752
26 1765271451 0.726470 7 0.726470 0.726470 0.726470
14 1765271451 5.340326 3 5.340326 5.340326 5.340326
22 1765271456 7.567023 4 7.567023 7.567023 7.567023
24 1765271456 0.296570 5 0.296570 0.296570 0.296570
10 1765271456 3.271123 6 3.271123 3.271123 3.271123
26 1765271456 0.652143 5 0.652143 0.652143 0.652143
14 1765271456 5.330752 10 5.330752 5.330752 5.330752
22 1765271461 7.473810 9 7.473810 7.473810 7.473810
24 1765271461 0.283671 6 0.283671 0.283671 0.283671
10 1765271461 1.504023 3 1.504023 1.504023 1.504023
26 1765271461 0.567856 6 0.567856 0.567856 0.567856
14 1765271461 5.587711 6 5.587711 5.587711 5.587711
22 1765271466 7.430775 4 7.430775 7.430775 7.430775
24 1765271466 0.281095 7 0.281095 0.281095 0.281095
10 1765271466 2.025282 11 2.025282 2.025282 2.025282
26 1765271466 0.561143 6 0.561143 0.561143 0.561143
14 1765271466 5.338743 3 5.338743 5.338743 5.338743
22 1765271471 7.656270 7 7.656270 7.656270 7.656270
24 1765271471 0.313016 6 0.313016 0.313016 0.313016
10 1765271471 1.476515 4 1.476515 1.476515 1.476515
26 1765271471 0.849867 7 0.849867 0.849867 0.849867
14 1765271471 5.348575 11 5.348575 5.348575 5.348575
22 1765271476 7.505176 9 7.505176 7.505176 7.505176
24 1765271476 0.325903 3 0.325903 0.325903 0.325903
10 1765271476 1.473420 5 1.473420 1.473420 1.473420
26 1765271476 0.571100 5 0.571100 0.571100 0.571100
14 1765271476 5.334960 4 5.334960 5.334960 5.334960
22 1765271481 7.432275 4 7.432275 7.432275 7.432275
24 1765271481 0.340314 11 0.340314 0.340314 0.340314
10 1765271481 1.593153 10 1.593153 1.593153 1.593153
26 1765271481 0.564610 8 0.564610 0.564610 0.564610
14 1765271481 5.333860 5 5.333860 5.333860 5.333860
22 1765271486 7.492036 7 7.492036 7.492036 7.492036
24 1765271486 0.291598 6 0.291598 0.291598 0.291598
10 1765271486 1.935436 4 1.935436 1.935436 1.935436
26 1765271486 0.583093 6 0.583093 0.583093 0.583093
14 1765271486 5.328609 10 5.328609 5.328609 5.328609
22 1765271491 7.457543 6 7.457543 7.457543 7.457543
24 1765271491 0.285674 3 0.285674 0.285674 0.285674
10 1765271491 1.471166 4 1.471166 1.471166 1.471166
26 1765271491 0.625060 3 0.625060 0.625060 0.625060
14 1765271491 5.336782 4 5.336782 5.336782 5.336782
22 1765271496 7.442909 5 7.442909 7.442909 7.442909
24 1765271496 0.289799 10 0.289799 0.289799 0.289799
10 1765271496 2.685531 11 2.685531 2.685531 2.685531
26 1765271496 0.578547 10 0.578547 0.578547 0.578547
14 1765271496 5.333839 4 5.333839 5.333839 5.333839
22 1765271501 7.449157 7 7.449157 7.449157 7.449157
24 1765271501 0.286337 5 0.286337 0.286337 0.286337
10 1765271501 1.417374 4 1.417374 1.417374 1.417374
26 1765271501 0.572417 5 0.572417 0.572417 0.572417
14 1765271501 5.406287 11 5.406287 5.406287 5.406287
22 1765271506 7.469295 5 7.469295 7.469295 7.469295
24 1765271506 0.292197 3 0.292197 0.292197 0.292197
10 1765271506 1.890397 4 1.890397 1.890397 1.890397
26 1765271506 0.582730 3 0.582730 0.582730 0.582730
14 1765271506 5.326859 4 5.326859 5.326859 5.326859
22 1765271511 7.761539 7 7.761539 7.761539 7.761539
24 1765271511 0.296823 10 0.296823 0.296823 0.296823
10 1765271511 1.498225 9 1.498225 1.498225 1.498225
26 1765271511 0.830375 11 0.830375 0.830375 0.830375
14 1765271511 5.328182 4 5.328182 5.328182 5.328182
22 1765271516 7.507172 6 7.507172 7.507172 7.507172
24 1765271516 0.279777 4 0.279777 0.279777 0.279777
10 1765271516 2.509978 5 2.509978 2.509978 2.509978
26 1765271516 0.559361 4 0.559361 0.559361 0.559361
14 1765271516 5.336948 9 5.336948 5.336948 5.336948
22 1765271521 7.512681 4 7.512681 7.512681 7.512681
24 1765271521 0.286392 4 0.286392 0.286392 0.286392
10 1765271521 1.511129 4 1.511129 1.511129 1.511129
26 1765271521 0.646673 4 0.646673 0.646673 0.646673
14 1765271521 5.454461 5 5.454461 5.454461 5.454461
22 1765271526 7.493630 7 7.493630 7.493630 7.493630
24 1765271526 0.285209 9 0.285209 0.285209 0.285209
10 1765271526 1.445895 8 1.445895 1.445895 1.445895
26 1765271526 0.569200 9 0.569200 0.569200 0.569200
14 1765271526 5.337155 4 5.337155 5.337155 5.337155
22 1765271531 7.542186 6 7.542186 7.542186 7.542186
24 1765271531 0.374466 4 0.374466 0.374466 0.374466
10 1765271531 1.467303 4 1.467303 1.467303 1.467303
26 1765271531 0.811637 5 0.811637 0.811637 0.811637
14 1765271531 5.329786 8 5.329786 5.329786 5.329786
22 1765271536 7.444508 4 7.444508 7.444508 7.444508
24 1765271536 0.289436 5 0.289436 0.289436 0.289436
10 1765271536 1.650099 4 1.650099 1.650099 1.650099
26 1765271536 0.644932 4 0.644932 0.644932 0.644932
14 1765271536 5.335962 4 5.335962 5.335962 5.335962
22 1765271541 7.433823 7 7.433823 7.433823 7.433823
24 1765271541 0.279955 8 0.279955 0.279955 0.279955
10 1765271541 1.657343 8 1.657343 1.657343 1.657343
26 1765271541 0.603495 8 0.603495 0.603495 0.603495
14 1765271541 5.471805 4 5.471805 5.471805 5.471805
22 1765271546 7.437459 5 7.437459 7.437459 7.437459
24 1765271546 0.283983 4 0.283983 0.283983 0.283983
10 1765271546 1.598361 4 1.598361 1.598361 1.598361
26 1765271546 0.644052 4 0.644052 0.644052 0.644052
14 1765271546 5.433840 8 5.433840 5.433840 5.433840
22 1765271551 7.443829 3 7.443829 7.443829 7.443829
24 1765271551 0.288970 3 0.288970 0.288970 0.288970
10 1765271551 1.958366 3 1.958366 1.958366 1.958366
26 1765271551 0.578267 3 0.578267 0.578267 0.578267
14 1765271551 5.328106 4 5.328106 5.328106 5.328106
22 1765271556 7.528877 8 7.528877 7.528877 7.528877
24 1765271556 5.423177 9 5.423177 5.423177 5.423177
10 1765271556 1.803911 8 1.803911 1.803911 1.803911
26 1765271556 0.622804 9 0.622804 0.622804 0.622804
14 1765271556 5.327577 3 5.327577 5.327577 5.327577
22 1765271561 7.424842 4 7.424842 7.424842 7.424842
24 1765271561 0.283422 4 0.283422 0.283422 0.283422
10 1765271561 6.171100 7 6.171100 6.171100 6.171100
26 1765271561 0.555226 3 0.555226 0.555226 0.555226
14 1765271561 5.312643 8 5.312643 5.312643 5.312643
22 1765271566 7.454201 3 7.454201 7.454201 7.454201
24 1765271566 0.295997 3 0.295997 0.295997 0.295997
10 1765271566 1.483919 3 1.483919 1.483919 1.483919
26 1765271566 0.578582 4 0.578582 0.578582 0.578582
14 1765271566 5.790592 7 5.790592 5.790592 5.790592
22 1765271571 7.435084 9 7.435084 7.435084 7.435084
24 1765271571 0.277424 9 0.277424 0.277424 0.277424
10 1765271571 6.614046 9 6.614046 6.614046 6.614046
26 1765271571 0.558776 9 0.558776 0.558776 0.558776
14 1765271571 5.333807 3 5.333807 5.333807 5.333807
22 1765271576 7.579078 4 7.579078 7.579078 7.579078
24 1765271576 0.285470 4 0.285470 0.285470 0.285470
10 1765271576 1.461568 5 1.461568 1.461568 1.461568
26 1765271576 0.575000 3 0.575000 0.575000 0.575000
14 1765271576 5.310699 8 5.310699 5.310699 5.310699
22 1765271581 8.800885 4 8.800885 8.800885 8.800885
24 1765271581 0.288945 3 0.288945 0.288945 0.288945
10 1765271581 1.450085 3 1.450085 1.450085 1.450085
26 1765271581 0.753651 4 0.753651 0.753651 0.753651
14 1765271581 5.335572 6 5.335572 5.335572 5.335572
22 1765271586 7.515882 10 7.515882 7.515882 7.515882
24 1765271586 0.429132 11 0.429132 0.429132 0.429132
10 1765271586 1.569317 8 1.569317 1.569317 1.569317
26 1765271586 0.597967 11 0.597967 0.597967 0.597967
14 1765271586 5.324668 3 5.324668 5.324668 5.324668
22 1765271591 7.426166 4 7.426166 7.426166 7.426166
24 1765271591 0.282391 4 0.282391 0.282391 0.282391
10 1765271591 1.515449 7 1.515449 1.515449 1.515449
26 1765271591 0.560438 3 0.560438 0.560438 0.560438
14 1765271591 5.337667 8 5.337667 5.337667 5.337667
22 1765271596 7.448921 3 7.448921 7.448921 7.448921
24 1765271596 0.281393 3 0.281393 0.281393 0.281393
10 1765271596 1.429570 2 1.429570 1.429570 1.429570
26 1765271596 0.567095 4 0.567095 0.567095 0.567095
14 1765271596 5.339399 7 5.339399 5.339399 5.339399
22 1765271601 7.452749 11 7.452749 7.452749 7.452749
24 1765271601 0.289047 10 0.289047 0.289047 0.289047
10 1765271601 1.498354 8 1.498354 1.498354 1.498354
26 1765271601 0.626218 10 0.626218 0.626218 0.626218
14 1765271601 5.328453 2 5.328453 5.328453 5.328453
22 1765271606 7.454252 4 7.454252 7.454252 7.454252
24 1765271606 0.298151 5 0.298151 0.298151 0.298151
10 1765271606 1.482585 7 1.482585 1.482585 1.482585
26 1765271606 0.596912 4 0.596912 0.596912 0.596912
14 1765271606 5.322624 8 5.322624 5.322624 5.322624
22 1765271611 7.433927 2 7.433927 7.433927 7.433927
24 1765271611 0.276658 2 0.276658 0.276658 0.276658
10 1765271611 1.471150 3 1.471150 1.471150 1.471150
26 1765271611 0.554257 2 0.554257 0.554257 0.554257
14 1765271611 5.341627 5 5.341627 5.341627 5.341627
22 1765271616 7.439696 11 7.439696 7.439696 7.439696
24 1765271616 0.281625 10 0.281625 0.281625 0.281625
10 1765271616 1.591852 8 1.591852 1.591852 1.591852
26 1765271616 0.563031 10 0.563031 0.563031 0.563031
14 1765271616 5.333356 5 5.333356 5.333356 5.333356
22 1765271621 7.439050 5 7.439050 7.439050 7.439050
24 1765271621 0.289336 5 0.289336 0.289336 0.289336
10 1765271621 1.569569 6 1.569569 1.569569 1.569569
26 1765271621 0.578739 5 0.578739 0.578739 0.578739
14 1765271621 5.340001 6 5.340001 5.340001 5.340001
22 1765271626 7.457138 2 7.457138 7.457138 7.457138
24 1765271626 0.285364 3 0.285364 0.285364 0.285364
10 1765271626 1.850442 4 1.850442 1.850442 1.850442
26 1765271626 0.571340 3 0.571340 0.571340 0.571340
14 1765271626 5.441486 7 5.441486 5.441486 5.441486
22 1765271631 7.454713 10 7.454713 7.454713 7.454713
24 1765271631 0.291067 9 0.291067 0.291067 0.291067
10 1765271631 1.597714 4 1.597714 1.597714 1.597714
26 1765271631 0.737663 10 0.737663 0.737663 0.737663
14 1765271631 5.347216 5 5.347216 5.347216 5.347216
22 1765271636 7.457973 4 7.457973 7.457973 7.457973
24 1765271636 0.297263 6 0.297263 0.297263 0.297263
10 1765271636 1.881954 10 1.881954 1.881954 1.881954
26 1765271636 0.648689 5 0.648689 0.648689 0.648689
14 1765271636 5.333799 3 5.333799 5.333799 5.333799
22 1765271641 7.460849 3 7.460849 7.460849 7.460849
24 1765271641 0.294549 3 0.294549 0.294549 0.294549
10 1765271641 1.595912 4 1.595912 1.595912 1.595912
26 1765271641 0.588756 3 0.588756 0.588756 0.588756
14 1765271641 5.302232 10 5.302232 5.302232 5.302232
22 1765271646 7.446672 10 7.446672 7.446672 7.446672
24 1765271646 0.285376 8 0.285376 0.285376 0.285376
10 1765271646 1.609975 4 1.609975 1.609975 1.609975
26 1765271646 0.637338 9 0.637338 0.637338 0.637338
14 1765271646 5.331547 5 5.331547 5.331547 5.331547
22 1765271651 7.444382 5 7.444382 7.444382 7.444382
24 1765271651 0.286696 7 0.286696 0.286696 0.286696
10 1765271651 1.528733 9 1.528733 1.528733 1.528733
26 1765271651 0.573995 6 0.573995 0.573995 0.573995
14 1765271651 5.333257 3 5.333257 5.333257 5.333257
22 1765271656 7.437168 3 7.437168 7.437168 7.437168
24 1765271656 0.281824 2 0.281824 0.281824 0.281824
10 1765271656 1.814049 4 1.814049 1.814049 1.814049
26 1765271656 0.562845 2 0.562845 0.562845 0.562845
14 1765271656 5.352346 10 5.352346 5.352346 5.352346
22 1765271661 7.453771 10 7.453771 7.453771 7.453771
24 1765271661 0.293898 9 0.293898 0.293898 0.293898
10 1765271661 13.880478 5 13.880478 13.880478 13.880478
26 1765271661 0.813757 10 0.813757 0.813757 0.813757
14 1765271661 5.331206 4 5.331206 5.331206 5.331206
22 1765271666 7.437208 5 7.437208 7.437208 7.437208
24 1765271666 0.284040 7 0.284040 0.284040 0.284040
10 1765271666 1.657076 12 1.657076 1.657076 1.657076
26 1765271666 0.567591 6 0.567591 0.567591 0.567591
14 1765271666 5.406380 5 5.406380 5.406380 5.406380
22 1765271671 7.449341 3 7.449341 7.449341 7.449341
24 1765271671 0.294343 3 0.294343 0.294343 0.294343
10 1765271671 1.452907 3 1.452907 1.452907 1.452907
26 1765271671 0.586396 3 0.586396 0.586396 0.586396
14 1765271671 5.441788 11 5.441788 5.441788 5.441788
22 1765271676 7.441384 10 7.441384 7.441384 7.441384
24 1765271676 0.326037 7 0.326037 0.326037 0.326037
10 1765271676 1.423777 4 1.423777 1.423777 1.423777
26 1765271676 0.655876 7 0.655876 0.655876 0.655876
14 1765271676 5.325604 4 5.325604 5.325604 5.325604
22 1765271681 7.538155 7 7.538155 7.538155 7.538155
24 1765271681 0.289238 10 0.289238 0.289238 0.289238
10 1765271681 1.519298 10 1.519298 1.519298 1.519298
26 1765271681 0.787275 10 0.787275 0.787275 0.787275
14 1765271681 5.323180 4 5.323180 5.323180 5.323180
22 1765271686 7.434803 3 7.434803 7.434803 7.434803
24 1765271686 0.281322 3 0.281322 0.281322 0.281322
10 1765271686 3.326411 6 3.326411 3.326411 3.326411
26 1765271686 0.563484 3 0.563484 0.563484 0.563484
14 1765271686 5.335827 10 5.335827 5.335827 5.335827
22 1765271691 7.419747 7 7.419747 7.419747 7.419747
24 1765271691 0.272681 5 0.272681 0.272681 0.272681
10 1765271691 1.506794 3 1.506794 1.506794 1.506794
26 1765271691 0.548686 6 0.548686 0.548686 0.548686
14 1765271691 5.344757 5 5.344757 5.344757 5.344757
22 1765271696 7.460119 9 7.460119 7.460119 7.460119
24 1765271696 0.290834 11 0.290834 0.290834 0.290834
10 1765271696 1.519051 10 1.519051 1.519051 1.519051
26 1765271696 0.583243 10 0.583243 0.583243 0.583243
14 1765271696 5.618288 4 5.618288 5.618288 5.618288
22 1765271701 7.476623 2 7.476623 7.476623 7.476623
24 1765271701 0.304114 2 0.304114 0.304114 0.304114
10 1765271701 3.583794 5 3.583794 3.583794 3.583794
26 1765271701 0.606627 2 0.606627 0.606627 0.606627
14 1765271701 5.342969 9 5.342969 5.342969 5.342969
22 1765271706 7.741995 8 7.741995 7.741995 7.741995
24 1765271706 0.280695 5 0.280695 0.280695 0.280695
10 1765271706 1.534341 4 1.534341 1.534341 1.534341
26 1765271706 0.566211 6 0.566211 0.566211 0.566211
14 1765271706 5.411414 6 5.411414 5.411414 5.411414
22 1765271711 7.435036 9 7.435036 7.435036 7.435036
24 1765271711 0.280460 11 0.280460 0.280460 0.280460
10 1765271711 1.532059 9 1.532059 1.532059 1.532059
26 1765271711 0.556926 10 0.556926 0.556926 0.556926
14 1765271711 5.339197 4 5.339197 5.339197 5.339197
22 1765271716 7.701176 3 7.701176 7.701176 7.701176
24 1765271716 0.582711 3 0.582711 0.582711 0.582711
10 1765271716 1.862732 5 1.862732 1.862732 1.862732
26 1765271716 0.955511 3 0.955511 0.955511 0.955511
14 1765271716 5.340853 8 5.340853 5.340853 5.340853
22 1765271721 7.446979 7 7.446979 7.446979 7.446979
24 1765271721 0.287307 5 0.287307 0.287307 0.287307
10 1765271721 1.735206 4 1.735206 1.735206 1.735206
26 1765271721 0.573804 5 0.573804 0.573804 0.573804
14 1765271721 5.342619 5 5.342619 5.342619 5.342619
22 1765271726 7.456991 8 7.456991 7.456991 7.456991
24 1765271726 0.295357 9 0.295357 0.295357 0.295357
10 1765271726 3.099659 10 3.099659 3.099659 3.099659
26 1765271726 2.955841 10 2.955841 2.955841 2.955841
14 1765271726 5.339553 4 5.339553 5.339553 5.339553
22 1765271731 7.468608 3 7.468608 7.468608 7.468608
24 1765271731 0.349701 5 0.349701 0.349701 0.349701
10 1765271731 1.565429 5 1.565429 1.565429 1.565429
26 1765271731 0.578851 4 0.578851 0.578851 0.578851
14 1765271731 5.335454 9 5.335454 5.335454 5.335454
22 1765271736 7.497117 7 7.497117 7.497117 7.497117
24 1765271736 0.291641 3 0.291641 0.291641 0.291641
10 1765271736 1.532340 4 1.532340 1.532340 1.532340
26 1765271736 0.586394 5 0.586394 0.586394 0.586394
14 1765271736 5.435485 7 5.435485 5.435485 5.435485
22 1765271741 7.523794 9 7.523794 7.523794 7.523794
24 1765271741 0.338767 10 0.338767 0.338767 0.338767
10 1765271741 1.905262 9 1.905262 1.905262 1.905262
26 1765271741 0.575267 8 0.575267 0.575267 0.575267
14 1765271741 5.300085 3 5.300085 5.300085 5.300085
22 1765271746 7.669807 4 7.669807 7.669807 7.669807
24 1765271746 0.459486 6 0.459486 0.459486 0.459486
10 1765271746 1.482061 7 1.482061 1.482061 1.482061
26 1765271746 1.209095 6 1.209095 1.209095 1.209095
14 1765271746 5.317840 9 5.317840 5.317840 5.317840
22 1765271751 7.431945 4 7.431945 7.431945 7.431945
24 1765271751 0.283476 4 0.283476 0.283476 0.283476
10 1765271751 1.953541 3 1.953541 1.953541 1.953541
26 1765271751 0.566162 4 0.566162 0.566162 0.566162
14 1765271751 5.349767 8 5.349767 5.349767 5.349767
22 1765271756 7.445950 10 7.445950 7.445950 7.445950
24 1765271756 0.286323 10 0.286323 0.286323 0.286323
10 1765271756 1.499290 9 1.499290 1.499290 1.499290
26 1765271756 0.658623 10 0.658623 0.658623 0.658623
14 1765271756 5.347132 3 5.347132 5.347132 5.347132
36 1765271761 0.000010 5 0.000010 0.000010 0.000010
22 1765271761 7.441436 5 7.441436 7.441436 7.441436
24 1765271761 0.385284 6 0.385284 0.385284 0.385284
10 1765271761 1.639602 4 1.639602 1.639602 1.639602
26 1765271761 0.573786 6 0.573786 0.573786 0.573786
14 1765271761 5.333629 9 5.333629 5.333629 5.333629
36 1765271766 0.000012 4 0.000012 0.000012 0.000012
22 1765271766 7.457401 5 7.457401 7.457401 7.457401
24 1765271766 0.295600 4 0.295600 0.295600 0.295600
26 1765271766 0.591093 4 0.591093 0.591093 0.591093
14 1765271766 5.409706 4 5.409706 5.409706 5.409706
36 1765271771 0.000010 10 0.000010 0.000010 0.000010
36 1765271776 0.000011 1 0.000011 0.000011 0.000011
22 1765271771 7.439038 10 7.439038 7.439038 7.439038
24 1765271771 0.317920 10 0.317920 0.317920 0.317920
24 1765271776 0.282501 1 0.282501 0.282501 0.282501
26 1765271771 0.696543 10 0.696543 0.696543 0.696543
26 1765271776 0.567829 1 0.567829 0.567829 0.567829
